<?xml version="1.0" encoding="utf-8" standalone="no"?>
<!DOCTYPE svg PUBLIC "-//W3C//DTD SVG 1.1//EN"
  "http://www.w3.org/Graphics/SVG/1.1/DTD/svg11.dtd">
<svg xmlns:xlink="http://www.w3.org/1999/xlink" width="609.453371pt" height="444.45281pt" viewBox="0 0 609.453371 444.45281" xmlns="http://www.w3.org/2000/svg" version="1.1">
 <metadata>
  <rdf:RDF xmlns:dc="http://purl.org/dc/elements/1.1/" xmlns:cc="http://creativecommons.org/ns#" xmlns:rdf="http://www.w3.org/1999/02/22-rdf-syntax-ns#">
   <cc:Work>
    <dc:type rdf:resource="http://purl.org/dc/dcmitype/StillImage"/>
    <dc:date>2025-09-20T13:27:23.690871</dc:date>
    <dc:format>image/svg+xml</dc:format>
    <dc:creator>
     <cc:Agent>
      <dc:title>Matplotlib v3.9.2, https://matplotlib.org/</dc:title>
     </cc:Agent>
    </dc:creator>
   </cc:Work>
  </rdf:RDF>
 </metadata>
 <defs>
  <style type="text/css">*{stroke-linejoin: round; stroke-linecap: butt}</style>
 </defs>
 <g id="figure_1">
  <g id="patch_1">
   <path d="M -0 444.45281 
L 609.453371 444.45281 
L 609.453371 0 
L -0 0 
L -0 444.45281 
z
" style="fill: none"/>
  </g>
  <g id="axes_1">
   <g id="patch_2">
    <path d="M 395.660057 260.508382 
C 395.660057 237.298516 391.08822 214.314337 382.206189 192.871217 
C 373.324158 171.428097 360.304666 151.943051 343.892813 135.531198 
C 327.480959 119.119345 307.995913 106.099853 286.552793 97.217822 
C 265.109674 88.335791 242.125495 83.763953 218.915629 83.763953 
C 195.705763 83.763953 172.721584 88.335791 151.278465 97.217822 
C 129.835345 106.099853 110.350299 119.119345 93.938445 135.531198 
C 77.526592 151.943051 64.5071 171.428097 55.625069 192.871217 
C 46.743038 214.314337 42.171201 237.298516 42.171201 260.508382 
C 42.171201 283.718247 46.743038 306.702426 55.625069 328.145546 
C 64.5071 349.588666 77.526592 369.073712 93.938445 385.485565 
C 110.350299 401.897419 129.835345 414.91691 151.278465 423.798941 
C 172.721584 432.680972 195.705763 437.25281 218.915629 437.25281 
C 242.125495 437.25281 265.109674 432.680972 286.552793 423.798941 
C 307.995913 414.91691 327.480959 401.897419 343.892813 385.485565 
C 360.304666 369.073712 373.324158 349.588666 382.206189 328.145546 
C 391.08822 306.702426 395.660057 283.718247 395.660057 260.508382 
M 218.915629 260.508382 
C 218.915629 260.508382 218.915629 260.508382 218.915629 260.508382 
C 218.915629 260.508382 218.915629 260.508382 218.915629 260.508382 
C 218.915629 260.508382 218.915629 260.508382 218.915629 260.508382 
C 218.915629 260.508382 218.915629 260.508382 218.915629 260.508382 
C 218.915629 260.508382 218.915629 260.508382 218.915629 260.508382 
C 218.915629 260.508382 218.915629 260.508382 218.915629 260.508382 
C 218.915629 260.508382 218.915629 260.508382 218.915629 260.508382 
C 218.915629 260.508382 218.915629 260.508382 218.915629 260.508382 
C 218.915629 260.508382 218.915629 260.508382 218.915629 260.508382 
C 218.915629 260.508382 218.915629 260.508382 218.915629 260.508382 
C 218.915629 260.508382 218.915629 260.508382 218.915629 260.508382 
C 218.915629 260.508382 218.915629 260.508382 218.915629 260.508382 
C 218.915629 260.508382 218.915629 260.508382 218.915629 260.508382 
C 218.915629 260.508382 218.915629 260.508382 218.915629 260.508382 
C 218.915629 260.508382 218.915629 260.508382 218.915629 260.508382 
C 218.915629 260.508382 218.915629 260.508382 218.915629 260.508382 
L 218.915629 260.508382 
z
" style="fill: none"/>
   </g>
   <g id="patch_3">
    <path d="M 218.915629 243.675579 
L 331.892298 325.735492 
L 204.337994 268.924783 
z
" clip-path="url(#pdc9836cd37)" style="fill: #888888; opacity: 0.1; stroke: #888888; stroke-linejoin: miter"/>
   </g>
   <g id="patch_4">
    <path d="M 218.915629 104.819313 
L 294.500665 304.147422 
L 100.315693 328.982086 
z
" clip-path="url(#pdc9836cd37)" style="fill: #029e73; opacity: 0.1; stroke: #029e73; stroke-linejoin: miter"/>
   </g>
   <g id="patch_5">
    <path d="M 218.915629 136.386496 
L 317.132443 317.213886 
L 175.860654 285.366183 
z
" clip-path="url(#pdc9836cd37)" style="fill: #0173b2; opacity: 0.1; stroke: #0173b2; stroke-linejoin: miter"/>
   </g>
   <g id="patch_6">
    <path d="M 218.915629 122.474771 
L 324.676369 321.569373 
L 126.386315 313.930206 
z
" clip-path="url(#pdc9836cd37)" style="fill: #d55e00; opacity: 0.25; stroke: #d55e00; stroke-linejoin: miter"/>
   </g>
   <g id="patch_7">
    <path d="M 218.915629 101.323704 
L 309.588517 312.858398 
L 73.139282 344.672395 
z
" clip-path="url(#pdc9836cd37)" style="fill: #9467bd; opacity: 0.25; stroke: #9467bd; stroke-linejoin: miter"/>
   </g>
   <g id="matplotlib.axis_1">
    <g id="xtick_1">
     <g id="line2d_1">
      <path d="M 218.915629 260.508382 
L 218.915629 83.763953 
" clip-path="url(#pdc9836cd37)" style="fill: none; stroke: #b0b0b0; stroke-width: 0.8; stroke-linecap: square"/>
     </g>
     <g id="text_1">
      <text style="font: 12px 'Noto Sans CJK SC', 'Heiti TC', 'Heiti SC', 'PingFang SC', 'SimHei', 'Arial Unicode MS', sans-serif" transform="translate(206.777817 45.487078)">Size </text>
      <text style="font: 12px 'Noto Sans CJK SC', 'Heiti TC', 'Heiti SC', 'PingFang SC', 'SimHei', 'Arial Unicode MS', sans-serif" transform="translate(205.528129 59.165203)">(MB)</text>
     </g>
    </g>
    <g id="xtick_2">
     <g id="line2d_2">
      <path d="M 218.915629 260.508382 
L 371.980794 348.880596 
" clip-path="url(#pdc9836cd37)" style="fill: none; stroke: #b0b0b0; stroke-width: 0.8; stroke-linecap: square"/>
     </g>
     <g id="text_2">
      <text style="font: 12px 'Noto Sans CJK SC', 'Heiti TC', 'Heiti SC', 'PingFang SC', 'SimHei', 'Arial Unicode MS', sans-serif" transform="translate(372.371258 363.919346)">Accuracy </text>
      <text style="font: 12px 'Noto Sans CJK SC', 'Heiti TC', 'Heiti SC', 'PingFang SC', 'SimHei', 'Arial Unicode MS', sans-serif" transform="translate(385.935946 377.597471)">(CPU)</text>
     </g>
    </g>
    <g id="xtick_3">
     <g id="line2d_3">
      <path d="M 218.915629 260.508382 
L 65.850464 348.880596 
" clip-path="url(#pdc9836cd37)" style="fill: none; stroke: #b0b0b0; stroke-width: 0.8; stroke-linecap: square"/>
     </g>
     <g id="text_3">
      <text style="font: 12px 'Noto Sans CJK SC', 'Heiti TC', 'Heiti SC', 'PingFang SC', 'SimHei', 'Arial Unicode MS', sans-serif" transform="translate(10.044375 363.853721)">Latency </text>
      <text style="font: 12px 'Noto Sans CJK SC', 'Heiti TC', 'Heiti SC', 'PingFang SC', 'SimHei', 'Arial Unicode MS', sans-serif" transform="translate(7.2 377.531846)">(CPU, ms)</text>
     </g>
    </g>
   </g>
   <g id="matplotlib.axis_2">
    <g id="ytick_1">
     <g id="line2d_4">
      <path d="M 218.915629 226.842776 
C 223.336556 226.842776 227.714495 227.713602 231.798898 229.405418 
C 235.883302 231.097233 239.59474 233.577136 242.720807 236.703204 
C 245.846874 239.829271 248.326777 243.540708 250.018593 247.625112 
C 251.710408 251.709516 252.581234 256.087455 252.581234 260.508382 
C 252.581234 264.929308 251.710408 269.307247 250.018593 273.391651 
C 248.326777 277.476055 245.846874 281.187492 242.720807 284.313559 
C 239.59474 287.439627 235.883302 289.91953 231.798898 291.611345 
C 227.714495 293.303161 223.336556 294.173987 218.915629 294.173987 
C 214.494702 294.173987 210.116763 293.303161 206.03236 291.611345 
C 201.947956 289.91953 198.236519 287.439627 195.110451 284.313559 
C 191.984384 281.187492 189.504481 277.476055 187.812665 273.391651 
C 186.12085 269.307247 185.250024 264.929308 185.250024 260.508382 
C 185.250024 256.087455 186.12085 251.709516 187.812665 247.625112 
C 189.504481 243.540708 191.984384 239.829271 195.110451 236.703204 
C 198.236519 233.577136 201.947956 231.097233 206.03236 229.405418 
C 210.116763 227.713602 214.494702 226.842776 218.915629 226.842776 
" clip-path="url(#pdc9836cd37)" style="fill: none; stroke: #b0b0b0; stroke-width: 0.8; stroke-linecap: square"/>
     </g>
     <g id="text_4">
      <text style="fill: #808080; font: 10px 'Noto Sans CJK SC', 'Heiti TC', 'Heiti SC', 'PingFang SC', 'SimHei', 'Arial Unicode MS', sans-serif; text-anchor: start" x="218.915629" y="225.513089" transform="rotate(-0 218.915629 225.513089)">0.2</text>
     </g>
    </g>
    <g id="ytick_2">
     <g id="line2d_5">
      <path d="M 218.915629 193.177171 
C 227.757483 193.177171 236.51336 194.918823 244.682168 198.302454 
C 252.850975 201.686085 260.27385 206.645891 266.525985 212.898026 
C 272.778119 219.15016 277.737926 226.573035 281.121557 234.741843 
C 284.505187 242.91065 286.24684 251.666528 286.24684 260.508382 
C 286.24684 269.350235 284.505187 278.106113 281.121557 286.27492 
C 277.737926 294.443728 272.778119 301.866603 266.525985 308.118737 
C 260.27385 314.370872 252.850975 319.330678 244.682168 322.714309 
C 236.51336 326.09794 227.757483 327.839592 218.915629 327.839592 
C 210.073775 327.839592 201.317898 326.09794 193.14909 322.714309 
C 184.980283 319.330678 177.557408 314.370872 171.305273 308.118737 
C 165.053139 301.866603 160.093332 294.443728 156.709702 286.27492 
C 153.326071 278.106113 151.584418 269.350235 151.584418 260.508382 
C 151.584418 251.666528 153.326071 242.91065 156.709702 234.741843 
C 160.093332 226.573035 165.053139 219.15016 171.305273 212.898026 
C 177.557408 206.645891 184.980283 201.686085 193.14909 198.302454 
C 201.317898 194.918823 210.073775 193.177171 218.915629 193.177171 
" clip-path="url(#pdc9836cd37)" style="fill: none; stroke: #b0b0b0; stroke-width: 0.8; stroke-linecap: square"/>
     </g>
     <g id="text_5">
      <text style="fill: #808080; font: 10px 'Noto Sans CJK SC', 'Heiti TC', 'Heiti SC', 'PingFang SC', 'SimHei', 'Arial Unicode MS', sans-serif; text-anchor: start" x="218.915629" y="191.847483" transform="rotate(-0 218.915629 191.847483)">0.4</text>
     </g>
    </g>
    <g id="ytick_3">
     <g id="line2d_6">
      <path d="M 218.915629 159.511565 
C 232.178409 159.511565 245.312226 162.124044 257.565437 167.19949 
C 269.818649 172.274937 280.952961 179.714646 290.331163 189.092848 
C 299.709365 198.47105 307.149074 209.605362 312.22452 221.858573 
C 317.299967 234.111785 319.912445 247.245601 319.912445 260.508382 
C 319.912445 273.771162 317.299967 286.904978 312.22452 299.15819 
C 307.149074 311.411401 299.709365 322.545713 290.331163 331.923915 
C 280.952961 341.302117 269.818649 348.741826 257.565437 353.817273 
C 245.312226 358.892719 232.178409 361.505198 218.915629 361.505198 
C 205.652849 361.505198 192.519032 358.892719 180.265821 353.817273 
C 168.01261 348.741826 156.878297 341.302117 147.500096 331.923915 
C 138.121894 322.545713 130.682184 311.411401 125.606738 299.15819 
C 120.531292 286.904978 117.918813 273.771162 117.918813 260.508382 
C 117.918813 247.245601 120.531292 234.111785 125.606738 221.858573 
C 130.682184 209.605362 138.121894 198.47105 147.500096 189.092848 
C 156.878297 179.714646 168.01261 172.274937 180.265821 167.19949 
C 192.519032 162.124044 205.652849 159.511565 218.915629 159.511565 
" clip-path="url(#pdc9836cd37)" style="fill: none; stroke: #b0b0b0; stroke-width: 0.8; stroke-linecap: square"/>
     </g>
     <g id="text_6">
      <text style="fill: #808080; font: 10px 'Noto Sans CJK SC', 'Heiti TC', 'Heiti SC', 'PingFang SC', 'SimHei', 'Arial Unicode MS', sans-serif; text-anchor: start" x="218.915629" y="158.181878" transform="rotate(-0 218.915629 158.181878)">0.6</text>
     </g>
    </g>
    <g id="ytick_4">
     <g id="line2d_7">
      <path d="M 218.915629 125.84596 
C 236.599336 125.84596 254.111092 129.329265 270.448707 136.096527 
C 286.786322 142.863788 301.632071 152.783401 314.13634 165.28767 
C 326.64061 177.791939 336.560222 192.637689 343.327484 208.975304 
C 350.094746 225.312919 353.57805 242.824674 353.57805 260.508382 
C 353.57805 278.192089 350.094746 295.703844 343.327484 312.041459 
C 336.560222 328.379074 326.64061 343.224824 314.13634 355.729093 
C 301.632071 368.233362 286.786322 378.152975 270.448707 384.920237 
C 254.111092 391.687498 236.599336 395.170803 218.915629 395.170803 
C 201.231922 395.170803 183.720167 391.687498 167.382551 384.920237 
C 151.044936 378.152975 136.199187 368.233362 123.694918 355.729093 
C 111.190648 343.224824 101.271036 328.379074 94.503774 312.041459 
C 87.736512 295.703844 84.253208 278.192089 84.253208 260.508382 
C 84.253208 242.824674 87.736512 225.312919 94.503774 208.975304 
C 101.271036 192.637689 111.190648 177.791939 123.694918 165.28767 
C 136.199187 152.783401 151.044936 142.863788 167.382551 136.096527 
C 183.720167 129.329265 201.231922 125.84596 218.915629 125.84596 
" clip-path="url(#pdc9836cd37)" style="fill: none; stroke: #b0b0b0; stroke-width: 0.8; stroke-linecap: square"/>
     </g>
     <g id="text_7">
      <text style="fill: #808080; font: 10px 'Noto Sans CJK SC', 'Heiti TC', 'Heiti SC', 'PingFang SC', 'SimHei', 'Arial Unicode MS', sans-serif; text-anchor: start" x="218.915629" y="124.516273" transform="rotate(-0 218.915629 124.516273)">0.8</text>
     </g>
    </g>
    <g id="ytick_5">
     <g id="line2d_8">
      <path d="M 218.915629 92.180355 
C 241.020263 92.180355 262.909957 96.534486 283.331976 104.993563 
C 303.753995 113.45264 322.311182 125.852156 337.941518 141.482492 
C 353.571855 157.112829 365.971371 175.670016 374.430448 196.092035 
C 382.889525 216.514053 387.243656 238.403748 387.243656 260.508382 
C 387.243656 282.613015 382.889525 304.50271 374.430448 324.924729 
C 365.971371 345.346747 353.571855 363.903934 337.941518 379.534271 
C 322.311182 395.164607 303.753995 407.564123 283.331976 416.0232 
C 262.909957 424.482277 241.020263 428.836408 218.915629 428.836408 
C 196.810995 428.836408 174.921301 424.482277 154.499282 416.0232 
C 134.077263 407.564123 115.520076 395.164607 99.88974 379.534271 
C 84.259403 363.903934 71.859888 345.346747 63.40081 324.924729 
C 54.941733 304.50271 50.587602 282.613015 50.587602 260.508382 
C 50.587602 238.403748 54.941733 216.514053 63.40081 196.092035 
C 71.859888 175.670016 84.259403 157.112829 99.88974 141.482492 
C 115.520076 125.852156 134.077263 113.45264 154.499282 104.993563 
C 174.921301 96.534486 196.810995 92.180355 218.915629 92.180355 
" clip-path="url(#pdc9836cd37)" style="fill: none; stroke: #b0b0b0; stroke-width: 0.8; stroke-linecap: square"/>
     </g>
     <g id="text_8">
      <text style="fill: #808080; font: 10px 'Noto Sans CJK SC', 'Heiti TC', 'Heiti SC', 'PingFang SC', 'SimHei', 'Arial Unicode MS', sans-serif; text-anchor: start" x="218.915629" y="90.850667" transform="rotate(-0 218.915629 90.850667)">1.0</text>
     </g>
    </g>
   </g>
   <g id="patch_8">
    <path d="M 218.915629 83.763953 
C 195.705763 83.763953 172.721584 88.335791 151.278465 97.217822 
C 129.835345 106.099853 110.350299 119.119345 93.938445 135.531198 
C 77.526592 151.943051 64.5071 171.428097 55.625069 192.871217 
C 46.743038 214.314337 42.171201 237.298516 42.171201 260.508382 
C 42.171201 283.718247 46.743038 306.702426 55.625069 328.145546 
C 64.5071 349.588666 77.526592 369.073712 93.938445 385.485565 
C 110.350299 401.897419 129.835345 414.91691 151.278465 423.798941 
C 172.721584 432.680972 195.705763 437.25281 218.915629 437.25281 
C 242.125495 437.25281 265.109674 432.680972 286.552793 423.798941 
C 307.995913 414.91691 327.480959 401.897419 343.892813 385.485565 
C 360.304666 369.073712 373.324158 349.588666 382.206189 328.145546 
C 391.08822 306.702426 395.660057 283.718247 395.660057 260.508382 
C 395.660057 237.298516 391.08822 214.314337 382.206189 192.871217 
C 373.324158 171.428097 360.304666 151.943051 343.892813 135.531198 
C 327.480959 119.119345 307.995913 106.099853 286.552793 97.217822 
C 265.109674 88.335791 242.125495 83.763953 218.915629 83.763953 
" style="fill: none; stroke: #000000; stroke-width: 0.8; stroke-linejoin: miter; stroke-linecap: square"/>
   </g>
   <g id="text_9">
    <text style="font: 20px 'Noto Sans CJK SC', 'Heiti TC', 'Heiti SC', 'PingFang SC', 'SimHei', 'Arial Unicode MS', sans-serif; text-anchor: middle" x="218.915629" y="24.740625" transform="rotate(-0 218.915629 24.740625)">CPU 综合性能对比 (Base模型)</text>
   </g>
   <g id="line2d_9">
    <path d="M 218.915629 243.675579 
L 331.892298 325.735492 
L 204.337994 268.924783 
L 218.915629 243.675579 
" clip-path="url(#pdc9836cd37)" style="fill: none; stroke: #888888; stroke-opacity: 0.7; stroke-width: 1.5; stroke-linecap: square"/>
   </g>
   <g id="line2d_10">
    <path d="M 218.915629 104.819313 
L 294.500665 304.147422 
L 100.315693 328.982086 
L 218.915629 104.819313 
" clip-path="url(#pdc9836cd37)" style="fill: none; stroke: #029e73; stroke-opacity: 0.7; stroke-width: 1.5; stroke-linecap: square"/>
   </g>
   <g id="line2d_11">
    <path d="M 218.915629 136.386496 
L 317.132443 317.213886 
L 175.860654 285.366183 
L 218.915629 136.386496 
" clip-path="url(#pdc9836cd37)" style="fill: none; stroke: #0173b2; stroke-opacity: 0.7; stroke-width: 1.5; stroke-linecap: square"/>
   </g>
   <g id="legend_1">
    <g id="patch_9">
     <path d="M 402.589621 138.176787 
L 600.053371 138.176787 
Q 602.253371 138.176787 602.253371 135.976787 
L 602.253371 56.115068 
Q 602.253371 53.915068 600.053371 53.915068 
L 402.589621 53.915068 
Q 400.389621 53.915068 400.389621 56.115068 
L 400.389621 135.976787 
Q 400.389621 138.176787 402.589621 138.176787 
z
" style="fill: #ffffff; opacity: 0.8; stroke: #cccccc; stroke-linejoin: miter"/>
    </g>
    <g id="line2d_12">
     <path d="M 404.789621 63.694755 
L 415.789621 63.694755 
L 426.789621 63.694755 
" style="fill: none; stroke: #888888; stroke-opacity: 0.7; stroke-width: 1.5; stroke-linecap: square"/>
    </g>
    <g id="text_10">
     <text style="font: 11px 'Noto Sans CJK SC', 'Heiti TC', 'Heiti SC', 'PingFang SC', 'SimHei', 'Arial Unicode MS', sans-serif; text-anchor: start" x="435.589621" y="67.544755" transform="rotate(-0 435.589621 67.544755)">1. Base Baseline (12L, FP32)</text>
    </g>
    <g id="line2d_13">
     <path d="M 404.789621 79.887099 
L 415.789621 79.887099 
L 426.789621 79.887099 
" style="fill: none; stroke: #029e73; stroke-opacity: 0.7; stroke-width: 1.5; stroke-linecap: square"/>
    </g>
    <g id="text_11">
     <text style="font: 11px 'Noto Sans CJK SC', 'Heiti TC', 'Heiti SC', 'PingFang SC', 'SimHei', 'Arial Unicode MS', sans-serif; text-anchor: start" x="435.589621" y="83.737099" transform="rotate(-0 435.589621 83.737099)">3. Base Baseline (12L, PTQ INT8)</text>
    </g>
    <g id="line2d_14">
     <path d="M 404.789621 96.079443 
L 415.789621 96.079443 
L 426.789621 96.079443 
" style="fill: none; stroke: #0173b2; stroke-opacity: 0.7; stroke-width: 1.5; stroke-linecap: square"/>
    </g>
    <g id="text_12">
     <text style="font: 11px 'Noto Sans CJK SC', 'Heiti TC', 'Heiti SC', 'PingFang SC', 'SimHei', 'Arial Unicode MS', sans-serif; text-anchor: start" x="435.589621" y="99.929443" transform="rotate(-0 435.589621 99.929443)">4. Base Baseline (12L, QAT)</text>
    </g>
    <g id="line2d_15">
     <path d="M 404.789621 112.271787 
L 415.789621 112.271787 
L 426.789621 112.271787 
" style="fill: none; stroke: #d55e00; stroke-width: 2.5; stroke-linecap: square"/>
    </g>
    <g id="text_13">
     <text style="font: 11px 'Noto Sans CJK SC', 'Heiti TC', 'Heiti SC', 'PingFang SC', 'SimHei', 'Arial Unicode MS', sans-serif; text-anchor: start" x="435.589621" y="116.121787" transform="rotate(-0 435.589621 116.121787)">5. Base Pruned (8L, FP32)</text>
    </g>
    <g id="line2d_16">
     <path d="M 404.789621 128.46413 
L 415.789621 128.46413 
L 426.789621 128.46413 
" style="fill: none; stroke: #9467bd; stroke-width: 2.5; stroke-linecap: square"/>
    </g>
    <g id="text_14">
     <text style="font: 11px 'Noto Sans CJK SC', 'Heiti TC', 'Heiti SC', 'PingFang SC', 'SimHei', 'Arial Unicode MS', sans-serif; text-anchor: start" x="435.589621" y="132.31413" transform="rotate(-0 435.589621 132.31413)">8. Base Pruned (8L, PTQ INT8)</text>
    </g>
   </g>
   <g id="line2d_17">
    <path d="M 218.915629 122.474771 
L 324.676369 321.569373 
L 126.386315 313.930206 
L 218.915629 122.474771 
" clip-path="url(#pdc9836cd37)" style="fill: none; stroke: #d55e00; stroke-width: 2.5; stroke-linecap: square"/>
   </g>
   <g id="line2d_18">
    <path d="M 218.915629 101.323704 
L 309.588517 312.858398 
L 73.139282 344.672395 
L 218.915629 101.323704 
" clip-path="url(#pdc9836cd37)" style="fill: none; stroke: #9467bd; stroke-width: 2.5; stroke-linecap: square"/>
   </g>
  </g>
 </g>
 <defs>
  <clipPath id="pdc9836cd37">
   <path d="M 395.660057 260.508382 
C 395.660057 237.298516 391.08822 214.314337 382.206189 192.871217 
C 373.324158 171.428097 360.304666 151.943051 343.892813 135.531198 
C 327.480959 119.119345 307.995913 106.099853 286.552793 97.217822 
C 265.109674 88.335791 242.125495 83.763953 218.915629 83.763953 
C 195.705763 83.763953 172.721584 88.335791 151.278465 97.217822 
C 129.835345 106.099853 110.350299 119.119345 93.938445 135.531198 
C 77.526592 151.943051 64.5071 171.428097 55.625069 192.871217 
C 46.743038 214.314337 42.171201 237.298516 42.171201 260.508382 
C 42.171201 283.718247 46.743038 306.702426 55.625069 328.145546 
C 64.5071 349.588666 77.526592 369.073712 93.938445 385.485565 
C 110.350299 401.897419 129.835345 414.91691 151.278465 423.798941 
C 172.721584 432.680972 195.705763 437.25281 218.915629 437.25281 
C 242.125495 437.25281 265.109674 432.680972 286.552793 423.798941 
C 307.995913 414.91691 327.480959 401.897419 343.892813 385.485565 
C 360.304666 369.073712 373.324158 349.588666 382.206189 328.145546 
C 391.08822 306.702426 395.660057 283.718247 395.660057 260.508382 
M 218.915629 260.508382 
C 218.915629 260.508382 218.915629 260.508382 218.915629 260.508382 
C 218.915629 260.508382 218.915629 260.508382 218.915629 260.508382 
C 218.915629 260.508382 218.915629 260.508382 218.915629 260.508382 
C 218.915629 260.508382 218.915629 260.508382 218.915629 260.508382 
C 218.915629 260.508382 218.915629 260.508382 218.915629 260.508382 
C 218.915629 260.508382 218.915629 260.508382 218.915629 260.508382 
C 218.915629 260.508382 218.915629 260.508382 218.915629 260.508382 
C 218.915629 260.508382 218.915629 260.508382 218.915629 260.508382 
C 218.915629 260.508382 218.915629 260.508382 218.915629 260.508382 
C 218.915629 260.508382 218.915629 260.508382 218.915629 260.508382 
C 218.915629 260.508382 218.915629 260.508382 218.915629 260.508382 
C 218.915629 260.508382 218.915629 260.508382 218.915629 260.508382 
C 218.915629 260.508382 218.915629 260.508382 218.915629 260.508382 
C 218.915629 260.508382 218.915629 260.508382 218.915629 260.508382 
C 218.915629 260.508382 218.915629 260.508382 218.915629 260.508382 
C 218.915629 260.508382 218.915629 260.508382 218.915629 260.508382 
z
"/>
  </clipPath>
 </defs>
</svg>
