<?xml version="1.0" encoding="utf-8" standalone="no"?>
<!DOCTYPE svg PUBLIC "-//W3C//DTD SVG 1.1//EN"
  "http://www.w3.org/Graphics/SVG/1.1/DTD/svg11.dtd">
<svg xmlns:xlink="http://www.w3.org/1999/xlink" width="568.884563pt" height="440.8045pt" viewBox="0 0 568.884563 440.8045" xmlns="http://www.w3.org/2000/svg" version="1.1">
 <metadata>
  <rdf:RDF xmlns:dc="http://purl.org/dc/elements/1.1/" xmlns:cc="http://creativecommons.org/ns#" xmlns:rdf="http://www.w3.org/1999/02/22-rdf-syntax-ns#">
   <cc:Work>
    <dc:type rdf:resource="http://purl.org/dc/dcmitype/StillImage"/>
    <dc:date>2025-09-20T13:27:23.638673</dc:date>
    <dc:format>image/svg+xml</dc:format>
    <dc:creator>
     <cc:Agent>
      <dc:title>Matplotlib v3.9.2, https://matplotlib.org/</dc:title>
     </cc:Agent>
    </dc:creator>
   </cc:Work>
  </rdf:RDF>
 </metadata>
 <defs>
  <style type="text/css">*{stroke-linejoin: round; stroke-linecap: butt}</style>
 </defs>
 <g id="figure_1">
  <g id="patch_1">
   <path d="M -0 440.8045 
L 568.884563 440.8045 
L 568.884563 0 
L -0 0 
L -0 440.8045 
z
" style="fill: none"/>
  </g>
  <g id="axes_1">
   <g id="patch_2">
    <path d="M 382.036562 231.317625 
C 382.036562 211.056448 378.045552 190.992285 370.291936 172.273398 
C 362.538319 153.554511 351.172884 136.544935 336.846068 122.21812 
C 322.519252 107.891304 305.509676 96.525869 286.790789 88.772252 
C 268.071902 81.018635 248.00774 77.027625 227.746562 77.027625 
C 207.485385 77.027625 187.421223 81.018635 168.702336 88.772252 
C 149.983449 96.525869 132.973873 107.891304 118.647057 122.21812 
C 104.320241 136.544935 92.954806 153.554511 85.201189 172.273398 
C 77.447573 190.992285 73.456562 211.056448 73.456562 231.317625 
C 73.456562 251.578802 77.447573 271.642965 85.201189 290.361852 
C 92.954806 309.080739 104.320241 326.090315 118.647057 340.41713 
C 132.973873 354.743946 149.983449 366.109381 168.702336 373.862998 
C 187.421223 381.616615 207.485385 385.607625 227.746562 385.607625 
C 248.00774 385.607625 268.071902 381.616615 286.790789 373.862998 
C 305.509676 366.109381 322.519252 354.743946 336.846068 340.41713 
C 351.172884 326.090315 362.538319 309.080739 370.291936 290.361852 
C 378.045552 271.642965 382.036562 251.578802 382.036562 231.317625 
M 227.746562 231.317625 
C 227.746562 231.317625 227.746562 231.317625 227.746562 231.317625 
C 227.746562 231.317625 227.746562 231.317625 227.746562 231.317625 
C 227.746562 231.317625 227.746562 231.317625 227.746562 231.317625 
C 227.746562 231.317625 227.746562 231.317625 227.746562 231.317625 
C 227.746562 231.317625 227.746562 231.317625 227.746562 231.317625 
C 227.746562 231.317625 227.746562 231.317625 227.746562 231.317625 
C 227.746562 231.317625 227.746562 231.317625 227.746562 231.317625 
C 227.746562 231.317625 227.746562 231.317625 227.746562 231.317625 
C 227.746562 231.317625 227.746562 231.317625 227.746562 231.317625 
C 227.746562 231.317625 227.746562 231.317625 227.746562 231.317625 
C 227.746562 231.317625 227.746562 231.317625 227.746562 231.317625 
C 227.746562 231.317625 227.746562 231.317625 227.746562 231.317625 
C 227.746562 231.317625 227.746562 231.317625 227.746562 231.317625 
C 227.746562 231.317625 227.746562 231.317625 227.746562 231.317625 
C 227.746562 231.317625 227.746562 231.317625 227.746562 231.317625 
C 227.746562 231.317625 227.746562 231.317625 227.746562 231.317625 
L 227.746562 231.317625 
z
" style="fill: none"/>
   </g>
   <g id="patch_3">
    <path d="M 227.746562 216.623339 
L 341.627277 231.317625 
L 227.746562 360.464994 
L 196.451647 231.317625 
z
" clip-path="url(#p65e2fbd00e)" style="fill: #888888; opacity: 0.1; stroke: #888888; stroke-linejoin: miter"/>
   </g>
   <g id="patch_4">
    <path d="M 227.746562 86.266951 
L 341.627277 231.317625 
L 227.746562 246.011911 
L 80.803705 231.317625 
z
" clip-path="url(#p65e2fbd00e)" style="fill: #56b4e9; opacity: 0.1; stroke: #56b4e9; stroke-linejoin: miter"/>
   </g>
   <g id="patch_5">
    <path d="M 227.746562 122.964757 
L 326.749312 231.317625 
L 227.746562 360.090353 
L 213.052277 231.317625 
z
" clip-path="url(#p65e2fbd00e)" style="fill: #0173b2; opacity: 0.1; stroke: #0173b2; stroke-linejoin: miter"/>
   </g>
   <g id="patch_6">
    <path d="M 227.746562 110.820442 
L 334.353605 231.317625 
L 227.746562 378.260482 
L 174.225328 231.317625 
z
" clip-path="url(#p65e2fbd00e)" style="fill: #d55e00; opacity: 0.25; stroke: #d55e00; stroke-linejoin: miter"/>
   </g>
   <g id="patch_7">
    <path d="M 227.746562 93.451861 
L 330.386148 231.317625 
L 227.746562 377.88584 
L 119.465509 231.317625 
z
" clip-path="url(#p65e2fbd00e)" style="fill: #cc78bc; opacity: 0.25; stroke: #cc78bc; stroke-linejoin: miter"/>
   </g>
   <g id="patch_8">
    <path d="M 227.746562 84.374768 
L 334.353605 231.317625 
L 227.746562 252.568143 
L 83.334727 231.317625 
z
" clip-path="url(#p65e2fbd00e)" style="fill: #e69f00; opacity: 0.25; stroke: #e69f00; stroke-linejoin: miter"/>
   </g>
   <g id="matplotlib.axis_1">
    <g id="xtick_1">
     <g id="line2d_1">
      <path d="M 227.746562 231.317625 
L 227.746562 77.027625 
" clip-path="url(#p65e2fbd00e)" style="fill: none; stroke: #b0b0b0; stroke-width: 0.8; stroke-linecap: square"/>
     </g>
     <g id="text_1">
      <text style="font: 12px 'Noto Sans CJK SC', 'Heiti TC', 'Heiti SC', 'PingFang SC', 'SimHei', 'Arial Unicode MS', sans-serif" transform="translate(215.60875 38.75075)">Size </text>
      <text style="font: 12px 'Noto Sans CJK SC', 'Heiti TC', 'Heiti SC', 'PingFang SC', 'SimHei', 'Arial Unicode MS', sans-serif" transform="translate(214.359062 52.428875)">(MB)</text>
     </g>
    </g>
    <g id="xtick_2">
     <g id="line2d_2">
      <path d="M 227.746562 231.317625 
L 382.036562 231.317625 
" clip-path="url(#p65e2fbd00e)" style="fill: none; stroke: #b0b0b0; stroke-width: 0.8; stroke-linecap: square"/>
     </g>
     <g id="text_2">
      <text style="font: 12px 'Noto Sans CJK SC', 'Heiti TC', 'Heiti SC', 'PingFang SC', 'SimHei', 'Arial Unicode MS', sans-serif" transform="translate(387.183125 228.606375)">Accuracy </text>
      <text style="font: 12px 'Noto Sans CJK SC', 'Heiti TC', 'Heiti SC', 'PingFang SC', 'SimHei', 'Arial Unicode MS', sans-serif" transform="translate(400.393437 242.2845)">(GPU)</text>
     </g>
    </g>
    <g id="xtick_3">
     <g id="line2d_3">
      <path d="M 227.746562 231.317625 
L 227.746562 385.607625 
" clip-path="url(#p65e2fbd00e)" style="fill: none; stroke: #b0b0b0; stroke-width: 0.8; stroke-linecap: square"/>
     </g>
     <g id="text_3">
      <text style="font: 12px 'Noto Sans CJK SC', 'Heiti TC', 'Heiti SC', 'PingFang SC', 'SimHei', 'Arial Unicode MS', sans-serif" transform="translate(202.684375 418.33075)">Latency </text>
      <text style="font: 12px 'Noto Sans CJK SC', 'Heiti TC', 'Heiti SC', 'PingFang SC', 'SimHei', 'Arial Unicode MS', sans-serif" transform="translate(199.485625 432.008875)">(GPU, ms)</text>
     </g>
    </g>
    <g id="xtick_4">
     <g id="line2d_4">
      <path d="M 227.746562 231.317625 
L 73.456562 231.317625 
" clip-path="url(#p65e2fbd00e)" style="fill: none; stroke: #b0b0b0; stroke-width: 0.8; stroke-linecap: square"/>
     </g>
     <g id="text_4">
      <text style="font: 12px 'Noto Sans CJK SC', 'Heiti TC', 'Heiti SC', 'PingFang SC', 'SimHei', 'Arial Unicode MS', sans-serif" transform="translate(23.394375 221.910937)">Peak</text>
      <text style="font: 12px 'Noto Sans CJK SC', 'Heiti TC', 'Heiti SC', 'PingFang SC', 'SimHei', 'Arial Unicode MS', sans-serif" transform="translate(7.2 235.170562)">GPU Mem </text>
      <text style="font: 12px 'Noto Sans CJK SC', 'Heiti TC', 'Heiti SC', 'PingFang SC', 'SimHei', 'Arial Unicode MS', sans-serif" transform="translate(24.569062 248.848687)">(MB)</text>
     </g>
    </g>
   </g>
   <g id="matplotlib.axis_2">
    <g id="ytick_1">
     <g id="line2d_5">
      <path d="M 227.746562 201.929054 
C 231.605834 201.929054 235.42758 202.689246 238.993082 204.166125 
C 242.558584 205.643005 245.798503 207.80785 248.527421 210.536767 
C 251.256338 213.265684 253.421183 216.505603 254.898062 220.071106 
C 256.374942 223.636608 257.135134 227.458353 257.135134 231.317625 
C 257.135134 235.176897 256.374942 238.998642 254.898062 242.564144 
C 253.421183 246.129647 251.256338 249.369566 248.527421 252.098483 
C 245.798503 254.8274 242.558584 256.992245 238.993082 258.469125 
C 235.42758 259.946004 231.605834 260.706196 227.746562 260.706196 
C 223.887291 260.706196 220.065545 259.946004 216.500043 258.469125 
C 212.934541 256.992245 209.694622 254.8274 206.965704 252.098483 
C 204.236787 249.369566 202.071942 246.129647 200.595063 242.564144 
C 199.118183 238.998642 198.357991 235.176897 198.357991 231.317625 
C 198.357991 227.458353 199.118183 223.636608 200.595063 220.071106 
C 202.071942 216.505603 204.236787 213.265684 206.965704 210.536767 
C 209.694622 207.80785 212.934541 205.643005 216.500043 204.166125 
C 220.065545 202.689246 223.887291 201.929054 227.746562 201.929054 
" clip-path="url(#p65e2fbd00e)" style="fill: none; stroke: #b0b0b0; stroke-width: 0.8; stroke-linecap: square"/>
     </g>
     <g id="text_5">
      <text style="fill: #808080; font: 10px 'Noto Sans CJK SC', 'Heiti TC', 'Heiti SC', 'PingFang SC', 'SimHei', 'Arial Unicode MS', sans-serif; text-anchor: start" x="227.746562" y="200.599366" transform="rotate(-0 227.746562 200.599366)">0.2</text>
     </g>
    </g>
    <g id="ytick_2">
     <g id="line2d_6">
      <path d="M 227.746562 172.540482 
C 235.465106 172.540482 243.108597 174.060867 250.239601 177.014626 
C 257.370606 179.968385 263.850444 184.298074 269.308279 189.755909 
C 274.766113 195.213743 279.095803 201.693582 282.049562 208.824586 
C 285.003321 215.955591 286.523705 223.599081 286.523705 231.317625 
C 286.523705 239.036169 285.003321 246.679659 282.049562 253.810664 
C 279.095803 260.941668 274.766113 267.421507 269.308279 272.879341 
C 263.850444 278.337176 257.370606 282.666865 250.239601 285.620624 
C 243.108597 288.574383 235.465106 290.094768 227.746562 290.094768 
C 220.028019 290.094768 212.384528 288.574383 205.253524 285.620624 
C 198.122519 282.666865 191.642681 278.337176 186.184846 272.879341 
C 180.727012 267.421507 176.397322 260.941668 173.443563 253.810664 
C 170.489804 246.679659 168.96942 239.036169 168.96942 231.317625 
C 168.96942 223.599081 170.489804 215.955591 173.443563 208.824586 
C 176.397322 201.693582 180.727012 195.213743 186.184846 189.755909 
C 191.642681 184.298074 198.122519 179.968385 205.253524 177.014626 
C 212.384528 174.060867 220.028019 172.540482 227.746562 172.540482 
" clip-path="url(#p65e2fbd00e)" style="fill: none; stroke: #b0b0b0; stroke-width: 0.8; stroke-linecap: square"/>
     </g>
     <g id="text_6">
      <text style="fill: #808080; font: 10px 'Noto Sans CJK SC', 'Heiti TC', 'Heiti SC', 'PingFang SC', 'SimHei', 'Arial Unicode MS', sans-serif; text-anchor: start" x="227.746562" y="171.210795" transform="rotate(-0 227.746562 171.210795)">0.4</text>
     </g>
    </g>
    <g id="ytick_3">
     <g id="line2d_7">
      <path d="M 227.746562 143.151911 
C 239.324378 143.151911 250.789614 145.432488 261.486121 149.863126 
C 272.182627 154.293764 281.902385 160.788299 290.089137 168.975051 
C 298.275889 177.161802 304.770423 186.88156 309.201061 197.578067 
C 313.6317 208.274574 315.912277 219.739809 315.912277 231.317625 
C 315.912277 242.895441 313.6317 254.360676 309.201061 265.057183 
C 304.770423 275.75369 298.275889 285.473448 290.089137 293.660199 
C 281.902385 301.846951 272.182627 308.341486 261.486121 312.772124 
C 250.789614 317.202762 239.324378 319.483339 227.746562 319.483339 
C 216.168747 319.483339 204.703511 317.202762 194.007004 312.772124 
C 183.310498 308.341486 173.59074 301.846951 165.403988 293.660199 
C 157.217236 285.473448 150.722702 275.75369 146.292064 265.057183 
C 141.861425 254.360676 139.580848 242.895441 139.580848 231.317625 
C 139.580848 219.739809 141.861425 208.274574 146.292064 197.578067 
C 150.722702 186.88156 157.217236 177.161802 165.403988 168.975051 
C 173.59074 160.788299 183.310498 154.293764 194.007004 149.863126 
C 204.703511 145.432488 216.168747 143.151911 227.746562 143.151911 
" clip-path="url(#p65e2fbd00e)" style="fill: none; stroke: #b0b0b0; stroke-width: 0.8; stroke-linecap: square"/>
     </g>
     <g id="text_7">
      <text style="fill: #808080; font: 10px 'Noto Sans CJK SC', 'Heiti TC', 'Heiti SC', 'PingFang SC', 'SimHei', 'Arial Unicode MS', sans-serif; text-anchor: start" x="227.746562" y="141.822223" transform="rotate(-0 227.746562 141.822223)">0.6</text>
     </g>
    </g>
    <g id="ytick_4">
     <g id="line2d_8">
      <path d="M 227.746562 113.763339 
C 243.18365 113.763339 258.470631 116.804109 272.73264 122.711626 
C 286.994649 128.619144 299.954326 137.278523 310.869995 148.194192 
C 321.785664 159.109862 330.445043 172.069538 336.352561 186.331547 
C 342.260079 200.593557 345.300848 215.880538 345.300848 231.317625 
C 345.300848 246.754712 342.260079 262.041693 336.352561 276.303703 
C 330.445043 290.565712 321.785664 303.525388 310.869995 314.441058 
C 299.954326 325.356727 286.994649 334.016106 272.73264 339.923624 
C 258.470631 345.831141 243.18365 348.871911 227.746562 348.871911 
C 212.309475 348.871911 197.022494 345.831141 182.760485 339.923624 
C 168.498476 334.016106 155.538799 325.356727 144.62313 314.441058 
C 133.707461 303.525388 125.048082 290.565712 119.140564 276.303703 
C 113.233046 262.041693 110.192277 246.754712 110.192277 231.317625 
C 110.192277 215.880538 113.233046 200.593557 119.140564 186.331547 
C 125.048082 172.069538 133.707461 159.109862 144.62313 148.194192 
C 155.538799 137.278523 168.498476 128.619144 182.760485 122.711626 
C 197.022494 116.804109 212.309475 113.763339 227.746562 113.763339 
" clip-path="url(#p65e2fbd00e)" style="fill: none; stroke: #b0b0b0; stroke-width: 0.8; stroke-linecap: square"/>
     </g>
     <g id="text_8">
      <text style="fill: #808080; font: 10px 'Noto Sans CJK SC', 'Heiti TC', 'Heiti SC', 'PingFang SC', 'SimHei', 'Arial Unicode MS', sans-serif; text-anchor: start" x="227.746562" y="112.433652" transform="rotate(-0 227.746562 112.433652)">0.8</text>
     </g>
    </g>
    <g id="ytick_5">
     <g id="line2d_9">
      <path d="M 227.746562 84.374768 
C 247.042922 84.374768 266.151648 88.17573 283.979159 95.560127 
C 301.806671 102.944524 318.006267 113.768748 331.650853 127.413334 
C 345.29544 141.057921 356.119664 157.257517 363.504061 175.085028 
C 370.888458 192.912539 374.68942 212.021266 374.68942 231.317625 
C 374.68942 250.613984 370.888458 269.722711 363.504061 287.550222 
C 356.119664 305.377733 345.29544 321.577329 331.650853 335.221916 
C 318.006267 348.866502 301.806671 359.690726 283.979159 367.075123 
C 266.151648 374.45952 247.042922 378.260482 227.746562 378.260482 
C 208.450203 378.260482 189.341477 374.45952 171.513966 367.075123 
C 153.686454 359.690726 137.486858 348.866502 123.842272 335.221916 
C 110.197685 321.577329 99.373461 305.377733 91.989064 287.550222 
C 84.604667 269.722711 80.803705 250.613984 80.803705 231.317625 
C 80.803705 212.021266 84.604667 192.912539 91.989064 175.085028 
C 99.373461 157.257517 110.197685 141.057921 123.842272 127.413334 
C 137.486858 113.768748 153.686454 102.944524 171.513966 95.560127 
C 189.341477 88.17573 208.450203 84.374768 227.746562 84.374768 
" clip-path="url(#p65e2fbd00e)" style="fill: none; stroke: #b0b0b0; stroke-width: 0.8; stroke-linecap: square"/>
     </g>
     <g id="text_9">
      <text style="fill: #808080; font: 10px 'Noto Sans CJK SC', 'Heiti TC', 'Heiti SC', 'PingFang SC', 'SimHei', 'Arial Unicode MS', sans-serif; text-anchor: start" x="227.746562" y="83.04508" transform="rotate(-0 227.746562 83.04508)">1.0</text>
     </g>
    </g>
   </g>
   <g id="patch_9">
    <path d="M 227.746562 77.027625 
C 207.485385 77.027625 187.421223 81.018635 168.702336 88.772252 
C 149.983449 96.525869 132.973873 107.891304 118.647057 122.21812 
C 104.320241 136.544935 92.954806 153.554511 85.201189 172.273398 
C 77.447573 190.992285 73.456562 211.056448 73.456562 231.317625 
C 73.456562 251.578802 77.447573 271.642965 85.201189 290.361852 
C 92.954806 309.080739 104.320241 326.090315 118.647057 340.41713 
C 132.973873 354.743946 149.983449 366.109381 168.702336 373.862998 
C 187.421223 381.616615 207.485385 385.607625 227.746562 385.607625 
C 248.00774 385.607625 268.071902 381.616615 286.790789 373.862998 
C 305.509676 366.109381 322.519252 354.743946 336.846068 340.41713 
C 351.172884 326.090315 362.538319 309.080739 370.291936 290.361852 
C 378.045552 271.642965 382.036562 251.578802 382.036562 231.317625 
C 382.036562 211.056448 378.045552 190.992285 370.291936 172.273398 
C 362.538319 153.554511 351.172884 136.544935 336.846068 122.21812 
C 322.519252 107.891304 305.509676 96.525869 286.790789 88.772252 
C 268.071902 81.018635 248.00774 77.027625 227.746562 77.027625 
" style="fill: none; stroke: #000000; stroke-width: 0.8; stroke-linejoin: miter; stroke-linecap: square"/>
   </g>
   <g id="text_10">
    <text style="font: 20px 'Noto Sans CJK SC', 'Heiti TC', 'Heiti SC', 'PingFang SC', 'SimHei', 'Arial Unicode MS', sans-serif; text-anchor: middle" x="227.746562" y="24.740625" transform="rotate(-0 227.746562 24.740625)">GPU 综合性能对比 (Base模型)</text>
   </g>
   <g id="line2d_10">
    <path d="M 227.746562 216.623339 
L 341.627277 231.317625 
L 227.746562 360.464994 
L 196.451647 231.317625 
L 227.746562 216.623339 
" clip-path="url(#p65e2fbd00e)" style="fill: none; stroke: #888888; stroke-opacity: 0.7; stroke-width: 1.5; stroke-linecap: square"/>
   </g>
   <g id="line2d_11">
    <path d="M 227.746562 86.266951 
L 341.627277 231.317625 
L 227.746562 246.011911 
L 80.803705 231.317625 
L 227.746562 86.266951 
" clip-path="url(#p65e2fbd00e)" style="fill: none; stroke: #56b4e9; stroke-opacity: 0.7; stroke-width: 1.5; stroke-linecap: square"/>
   </g>
   <g id="line2d_12">
    <path d="M 227.746562 122.964757 
L 326.749312 231.317625 
L 227.746562 360.090353 
L 213.052277 231.317625 
L 227.746562 122.964757 
" clip-path="url(#p65e2fbd00e)" style="fill: none; stroke: #0173b2; stroke-opacity: 0.7; stroke-width: 1.5; stroke-linecap: square"/>
   </g>
   <g id="legend_1">
    <g id="patch_10">
     <path d="M 382.917375 152.123687 
L 559.484562 152.123687 
Q 561.684562 152.123687 561.684562 149.923687 
L 561.684562 53.869625 
Q 561.684562 51.669625 559.484562 51.669625 
L 382.917375 51.669625 
Q 380.717375 51.669625 380.717375 53.869625 
L 380.717375 149.923687 
Q 380.717375 152.123687 382.917375 152.123687 
z
" style="fill: #ffffff; opacity: 0.8; stroke: #cccccc; stroke-linejoin: miter"/>
    </g>
    <g id="line2d_13">
     <path d="M 385.117375 61.449312 
L 396.117375 61.449312 
L 407.117375 61.449312 
" style="fill: none; stroke: #888888; stroke-opacity: 0.7; stroke-width: 1.5; stroke-linecap: square"/>
    </g>
    <g id="text_11">
     <text style="font: 11px 'Noto Sans CJK SC', 'Heiti TC', 'Heiti SC', 'PingFang SC', 'SimHei', 'Arial Unicode MS', sans-serif; text-anchor: start" x="415.917375" y="65.299312" transform="rotate(-0 415.917375 65.299312)">1. Base Baseline (12L, FP32)</text>
    </g>
    <g id="line2d_14">
     <path d="M 385.117375 77.641656 
L 396.117375 77.641656 
L 407.117375 77.641656 
" style="fill: none; stroke: #56b4e9; stroke-opacity: 0.7; stroke-width: 1.5; stroke-linecap: square"/>
    </g>
    <g id="text_12">
     <text style="font: 11px 'Noto Sans CJK SC', 'Heiti TC', 'Heiti SC', 'PingFang SC', 'SimHei', 'Arial Unicode MS', sans-serif; text-anchor: start" x="415.917375" y="81.491656" transform="rotate(-0 415.917375 81.491656)">2. Base Baseline (12L, INT4)</text>
    </g>
    <g id="line2d_15">
     <path d="M 385.117375 93.834 
L 396.117375 93.834 
L 407.117375 93.834 
" style="fill: none; stroke: #0173b2; stroke-opacity: 0.7; stroke-width: 1.5; stroke-linecap: square"/>
    </g>
    <g id="text_13">
     <text style="font: 11px 'Noto Sans CJK SC', 'Heiti TC', 'Heiti SC', 'PingFang SC', 'SimHei', 'Arial Unicode MS', sans-serif; text-anchor: start" x="415.917375" y="97.684" transform="rotate(-0 415.917375 97.684)">4. Base Baseline (12L, QAT)</text>
    </g>
    <g id="line2d_16">
     <path d="M 385.117375 110.026344 
L 396.117375 110.026344 
L 407.117375 110.026344 
" style="fill: none; stroke: #d55e00; stroke-width: 2.5; stroke-linecap: square"/>
    </g>
    <g id="text_14">
     <text style="font: 11px 'Noto Sans CJK SC', 'Heiti TC', 'Heiti SC', 'PingFang SC', 'SimHei', 'Arial Unicode MS', sans-serif; text-anchor: start" x="415.917375" y="113.876344" transform="rotate(-0 415.917375 113.876344)">5. Base Pruned (8L, FP32)</text>
    </g>
    <g id="line2d_17">
     <path d="M 385.117375 126.218687 
L 396.117375 126.218687 
L 407.117375 126.218687 
" style="fill: none; stroke: #cc78bc; stroke-width: 2.5; stroke-linecap: square"/>
    </g>
    <g id="text_15">
     <text style="font: 11px 'Noto Sans CJK SC', 'Heiti TC', 'Heiti SC', 'PingFang SC', 'SimHei', 'Arial Unicode MS', sans-serif; text-anchor: start" x="415.917375" y="130.068687" transform="rotate(-0 415.917375 130.068687)">6. Base Pruned (8L, FP16)</text>
    </g>
    <g id="line2d_18">
     <path d="M 385.117375 142.411031 
L 396.117375 142.411031 
L 407.117375 142.411031 
" style="fill: none; stroke: #e69f00; stroke-width: 2.5; stroke-linecap: square"/>
    </g>
    <g id="text_16">
     <text style="font: 11px 'Noto Sans CJK SC', 'Heiti TC', 'Heiti SC', 'PingFang SC', 'SimHei', 'Arial Unicode MS', sans-serif; text-anchor: start" x="415.917375" y="146.261031" transform="rotate(-0 415.917375 146.261031)">7. Base Pruned (8L, INT4)</text>
    </g>
   </g>
   <g id="line2d_19">
    <path d="M 227.746562 110.820442 
L 334.353605 231.317625 
L 227.746562 378.260482 
L 174.225328 231.317625 
L 227.746562 110.820442 
" clip-path="url(#p65e2fbd00e)" style="fill: none; stroke: #d55e00; stroke-width: 2.5; stroke-linecap: square"/>
   </g>
   <g id="line2d_20">
    <path d="M 227.746562 93.451861 
L 330.386148 231.317625 
L 227.746562 377.88584 
L 119.465509 231.317625 
L 227.746562 93.451861 
" clip-path="url(#p65e2fbd00e)" style="fill: none; stroke: #cc78bc; stroke-width: 2.5; stroke-linecap: square"/>
   </g>
   <g id="line2d_21">
    <path d="M 227.746562 84.374768 
L 334.353605 231.317625 
L 227.746562 252.568143 
L 83.334727 231.317625 
L 227.746562 84.374768 
" clip-path="url(#p65e2fbd00e)" style="fill: none; stroke: #e69f00; stroke-width: 2.5; stroke-linecap: square"/>
   </g>
  </g>
 </g>
 <defs>
  <clipPath id="p65e2fbd00e">
   <path d="M 382.036562 231.317625 
C 382.036562 211.056448 378.045552 190.992285 370.291936 172.273398 
C 362.538319 153.554511 351.172884 136.544935 336.846068 122.21812 
C 322.519252 107.891304 305.509676 96.525869 286.790789 88.772252 
C 268.071902 81.018635 248.00774 77.027625 227.746562 77.027625 
C 207.485385 77.027625 187.421223 81.018635 168.702336 88.772252 
C 149.983449 96.525869 132.973873 107.891304 118.647057 122.21812 
C 104.320241 136.544935 92.954806 153.554511 85.201189 172.273398 
C 77.447573 190.992285 73.456562 211.056448 73.456562 231.317625 
C 73.456562 251.578802 77.447573 271.642965 85.201189 290.361852 
C 92.954806 309.080739 104.320241 326.090315 118.647057 340.41713 
C 132.973873 354.743946 149.983449 366.109381 168.702336 373.862998 
C 187.421223 381.616615 207.485385 385.607625 227.746562 385.607625 
C 248.00774 385.607625 268.071902 381.616615 286.790789 373.862998 
C 305.509676 366.109381 322.519252 354.743946 336.846068 340.41713 
C 351.172884 326.090315 362.538319 309.080739 370.291936 290.361852 
C 378.045552 271.642965 382.036562 251.578802 382.036562 231.317625 
M 227.746562 231.317625 
C 227.746562 231.317625 227.746562 231.317625 227.746562 231.317625 
C 227.746562 231.317625 227.746562 231.317625 227.746562 231.317625 
C 227.746562 231.317625 227.746562 231.317625 227.746562 231.317625 
C 227.746562 231.317625 227.746562 231.317625 227.746562 231.317625 
C 227.746562 231.317625 227.746562 231.317625 227.746562 231.317625 
C 227.746562 231.317625 227.746562 231.317625 227.746562 231.317625 
C 227.746562 231.317625 227.746562 231.317625 227.746562 231.317625 
C 227.746562 231.317625 227.746562 231.317625 227.746562 231.317625 
C 227.746562 231.317625 227.746562 231.317625 227.746562 231.317625 
C 227.746562 231.317625 227.746562 231.317625 227.746562 231.317625 
C 227.746562 231.317625 227.746562 231.317625 227.746562 231.317625 
C 227.746562 231.317625 227.746562 231.317625 227.746562 231.317625 
C 227.746562 231.317625 227.746562 231.317625 227.746562 231.317625 
C 227.746562 231.317625 227.746562 231.317625 227.746562 231.317625 
C 227.746562 231.317625 227.746562 231.317625 227.746562 231.317625 
C 227.746562 231.317625 227.746562 231.317625 227.746562 231.317625 
z
"/>
  </clipPath>
 </defs>
</svg>
